0 15184.7
749 93089.9
1498 564883
2247 2.45395e+06
2996 7.92071e+06
3745 2.40501e+07
4494 6.06028e+07
5243 1.16077e+08
5992 1.94842e+08
6741 2.92305e+08
7490 3.72122e+08
8239 4.26989e+08
8988 4.63198e+08
9737 4.79534e+08
10486 4.84976e+08
11235 4.86829e+08
11984 4.87304e+08
12733 4.87382e+08
13482 4.87395e+08
14231 4.87397e+08
14980 4.87397e+08
15729 4.87397e+08
16478 4.87397e+08
17227 4.87397e+08
17976 4.87397e+08
18725 4.87397e+08
19474 4.87397e+08
20223 4.87397e+08
20972 4.87397e+08
21721 4.87397e+08
22470 4.87397e+08
23219 4.87397e+08
23968 4.87397e+08
24717 4.87397e+08
25466 4.87397e+08
26215 4.87397e+08
26964 4.87397e+08
27713 4.87397e+08
28462 4.87397e+08
29211 4.87397e+08
29960 4.87397e+08
30709 4.87397e+08
31458 4.87397e+08
32207 4.87397e+08
32956 4.87397e+08
33705 4.87397e+08
34454 4.87397e+08
35203 4.87397e+08
35952 4.87397e+08
36701 4.87397e+08
37450 4.87397e+08
38199 4.87397e+08
38948 4.87397e+08
39697 4.87396e+08
40446 4.87395e+08
41195 4.87353e+08
41944 4.86995e+08
42693 4.86328e+08
43442 4.81358e+08
44191 4.75608e+08
44940 4.63218e+08
45689 4.49478e+08
46438 4.28273e+08
47187 4.0003e+08
47936 3.77166e+08
48685 3.55197e+08
49434 3.29073e+08
50183 3.10262e+08
50932 2.88622e+08
51681 2.6149e+08
52430 2.45693e+08
53179 2.27172e+08
53928 2.08573e+08
54677 1.88021e+08
55426 1.69945e+08
56175 1.5979e+08
56924 1.50969e+08
57673 1.43198e+08
58422 1.41709e+08
59171 1.30374e+08
59920 1.21917e+08
60669 1.18423e+08
61418 1.25991e+08
62167 1.18125e+08
62916 1.36535e+08
63665 1.33246e+08
64414 1.21656e+08
65163 1.1256e+08
65912 1.15676e+08
66661 1.24673e+08
67410 1.23305e+08
68159 1.32228e+08
68908 1.22061e+08
69657 1.21509e+08
70406 1.26274e+08
71155 1.17627e+08
71904 1.11019e+08
72653 1.10659e+08
73402 1.13873e+08
74151 1.00914e+08
74900 1.03632e+08
75649 1.07616e+08
76398 1.01019e+08
77147 1.03362e+08
77896 1.02991e+08
78645 1.01467e+08
79394 1.0514e+08
80143 1.02361e+08
80892 1.04597e+08
81641 1.02146e+08
82390 1.02099e+08
83139 9.75259e+07
83888 9.79108e+07
84637 9.41286e+07
85386 9.38033e+07
86135 8.60221e+07
86884 8.44521e+07
87633 7.78437e+07
88382 7.50987e+07
89131 6.95365e+07
89880 6.4423e+07
90629 6.18272e+07
91378 5.70776e+07
92127 5.56899e+07
92876 5.19759e+07
93625 4.93511e+07
94374 4.84007e+07
95123 4.67255e+07
95872 4.10878e+07
96621 4.17455e+07
97370 3.88723e+07
98119 3.82341e+07
98868 3.54098e+07
99617 3.40172e+07
100366 3.27953e+07
101115 3.31848e+07
101864 2.83946e+07
102613 2.84889e+07
103362 2.38192e+07
104111 2.33403e+07
104860 2.15205e+07
105609 1.97537e+07
106358 2.09915e+07
107107 1.86327e+07
107856 1.83778e+07
108605 1.64648e+07
109354 1.52813e+07
110103 1.56484e+07
110852 1.34848e+07
111601 1.39195e+07
112350 1.09439e+07
113099 7.07774e+06
113848 7.07495e+06
114597 7.07038e+06
115346 6.12947e+06
116095 6.34369e+06
116844 6.13192e+06
117593 4.78147e+06
118342 6.02234e+06
119091 5.46659e+06
119840 5.18827e+06
120589 5.65671e+06
121338 5.5035e+06
122087 4.58709e+06
122836 4.29602e+06
123585 4.67295e+06
124334 4.12739e+06
125083 4.02044e+06
125832 4.33034e+06
126581 4.01164e+06
127330 3.4579e+06
128079 3.41211e+06
128828 3.44765e+06
129577 2.81408e+06
130326 2.78182e+06
131075 2.91595e+06
131824 2.64497e+06
132573 2.33624e+06
133322 2.31879e+06
134071 2.58456e+06
134820 2.24563e+06
135569 2.14517e+06
136318 2.28403e+06
137067 2.37641e+06
137816 2.01011e+06
138565 2.19802e+06
139314 2.34372e+06
140063 2.02804e+06
140812 1.98951e+06
141561 2.03074e+06
142310 1.93382e+06
143059 1.67776e+06
143808 1.77714e+06
144557 1.81298e+06
145306 1.70613e+06
146055 1.68235e+06
146804 1.76871e+06
147553 1.60482e+06
148302 1.6271e+06
149051 1.66295e+06
149800 1.50722e+06
